35  00:03:05 116.297072 -7.5e-05 
35  00:04:26 116.309454 0.005433  
66  00:07:14 116.304138 -4.5e-05 
66  00:08:19 116.309425 0.004353  
69  00:07:01 116.297141 -1.5e-05  
69  00:08:55 116.309484 0.011958      
184  00:16:55 116.301207 -1.5e-05  
184  00:18:33 116.309454 0.012534   
195  00:16:24 116.296865 -7.5e-05  
195  00:18:02 116.309484 0.006004    
259  00:21:41 116.296472 -7.5e-05  
259  00:23:54 116.309425 0.011157   
318  00:29:06 116.301099 -1.5e-05  
318  00:30:22 116.309484 0.006357  
330  00:28:53 116.296915 -1.5e-05  
330  00:30:33 116.309454 0.008466  
341  00:28:37 116.297401 -7.5e-05 
341  00:30:29 116.309484 0.008309   
365  00:31:42 116.298126 -7.5e-05 
365  00:33:12 116.309425 0.007478  
380  00:33:19 116.302169 -1.5e-05 
380  00:34:30 116.309484 0.008189  
416  00:37:01 116.298471 -7.5e-05   
416  00:39:00 116.309484 0.012455   
490  00:40:59 116.296834 -7.5e-05  
490  00:42:59 116.309425 0.010824 
496  00:42:44 116.299608 -4.5e-05
496  00:44:14 116.309425 0.009949 
588  00:49:17 116.298431 -7.5e-05 
588  00:50:45 116.309484 0.005384  