31  00:03:50 116.297699 -4.5e-05 
31  00:05:18 116.309425 0.007611  
35  00:03:16 116.299503 -7.5e-05  
35  00:04:53 116.309454 0.003613
43  00:04:09 116.302301 -4.5e-05 
43  00:05:18 116.309484 0.008051 
151  00:12:47 116.297382 -7.5e-05 
151  00:15:17 116.309484 0.007222   
156  00:14:46 116.304578 -1.5e-05  
156  00:15:40 116.309484 0.007054  
167  00:14:15 116.29838 -7.5e-05  
167  00:15:25 116.309454 0.00426  
184  00:16:43 116.298351 -1.5e-05  
184  00:18:16 116.309484 0.009376  
187  00:16:01 116.300493 -4.5e-05  
187  00:17:37 116.309454 0.004376  
195  00:16:42 116.300699 -4.5e-05  
195  00:17:46 116.309454 0.005344  
225  00:21:21 116.300802 -1.5e-05  
225  00:22:33 116.309454 0.002878  
259  00:21:45 116.296942 -7.5e-05  
259  00:23:04 116.309425 0.004834 
307  00:26:56 116.298221 -1.5e-05  
307  00:28:22 116.309454 0.007659  
318  00:29:01 116.299642 -1.5e-05 
318  00:30:33 116.309484 0.007225 
330  00:28:54 116.298575 -1.5e-05 
330  00:30:20 116.309454 0.004758  
341  00:29:10 116.304729 -1.5e-05  
341  00:30:51 116.309484 0.012022 
344  00:31:53 116.309069 -1.5e-05  
344  00:33:13 116.309484 0.009853  
347  00:31:37 116.302146 -4.5e-05  
347  00:33:13 116.309484 0.009429  
365  00:32:03 116.302653 -4.5e-05  
365  00:33:11 116.309425 0.008175  
416  00:36:57 116.297876 -7.5e-05
416  00:38:27 116.309484 0.008201  
465  00:38:58 116.297656 -7.5e-05 
465  00:40:50 116.309425 0.009453
588  00:49:17 116.298633 -7.5e-05  
588  00:50:49 116.309484 0.007757   